6.697824712494914
1.045523525168594
-1.761686875753525
-2.584231245102278
-2.219424551974951
-1.138667570633427
0.233310238920004
1.387999047997796
1.966252050750684
1.914932456199688
1.279201150539929
0.268549669833423
-0.653587070790397
-1.396213217600377
-1.585087161234492
-1.283425963449254
-0.614131553419626
0.188095072093414
0.822846516547438
1.209734500411672
1.094870023844298
0.671223515203101
0.165194471696256
-0.388770690389150
-0.815910409910732
-0.936565744417626
-0.724366018339189
-0.314519209515884
0.155367481364329
0.485529814585168
0.691223177585805
0.647187526727258
0.355511565248103
0.007178844962084
-0.294718218746712
-0.497047831931491
-0.523895762083834
-0.390092371462194
-0.198161662051288
0.079678620408220
0.337011772870971
0.349273976541774
0.397826624108058
0.231020247870112
0.009733299223864
-0.163043001462936
-0.308798857342851
-0.300505405836471
-0.171213723615414
-0.074331225873810
0.072783334917758
0.157420148968232
0.229119786059437
0.213173220314510
0.130074426128302
-0.013035985995363
-0.118911812618955
-0.117464111275238
-0.216032609374336
-0.082125397896006
0.002405219603519
0.076647794054137
0.070119801839545
0.109652788043978
0.096824549838368
0.078039207349301
-0.042943206007371
-0.042781836357891
-0.136937209677183
-0.081712637040757
-0.067250239702619
0.009332698892250
0.052188689511691
0.106127796104151
0.116309933068332
0.047182925524742
0.051784997491789
-0.036962982937808
-0.086593593766299
-0.032772479982969
-0.055394950026434
-0.038703772616908
0.032016947045583
0.030701621936144
0.050868535489941
0.080531715486854
0.066346662153703
0.024464605242993
-0.037284548436482
-0.050106076399579
0.005227507537484
-0.078673011597099
-0.021120312283114
-0.036771112050515
0.060381489044386
0.044454329702201
0.025745158119614
0.017145086871697
-0.035303643092356
0.014013447071894
-0.060338229150238